Checking group 2
(1, 2) 3 20
(1, 3) 4 20
(1, 4) 5 20
(1, 5) 6 20
(1, 7) 8 20
(1, 8) 9 20
(1, 9) 10 20
(1, 10) 11 20
(1, 11) 12 20
(2, 3) 5 20
(2, 4) 6 20
(2, 5) 7 20
(2, 7) 9 20
(2, 8) 10 20
(2, 9) 11 20
(2, 10) 12 20
(2, 11) 13 20
(3, 4) 7 20
(3, 5) 8 20
(3, 7) 10 20
(3, 8) 11 20
(3, 9) 12 20
(3, 10) 13 20
(3, 11) 14 20
(4, 5) 9 20
(4, 7) 11 20
(4, 8) 12 20
(4, 9) 13 20
(4, 10) 14 20
(4, 11) 15 20
(5, 7) 12 20
(5, 8) 13 20
(5, 9) 14 20
(5, 10) 15 20
(5, 11) 16 20
(7, 8) 15 20
(7, 9) 16 20
(7, 10) 17 20
(7, 11) 18 20
(8, 9) 17 20
(8, 10) 18 20
(8, 11) 19 20
(9, 10) 19 20
(9, 11) 20 20
(10, 11) 21 20
Checking valid group (9, 11)
Checking group 2
(1, 2) 3 20
(1, 3) 4 20
(1, 4) 5 20
(1, 5) 6 20
(1, 7) 8 20
(1, 8) 9 20
(1, 10) 11 20
(2, 3) 5 20
(2, 4) 6 20
(2, 5) 7 20
(2, 7) 9 20
(2, 8) 10 20
(2, 10) 12 20
(3, 4) 7 20
(3, 5) 8 20
(3, 7) 10 20
(3, 8) 11 20
(3, 10) 13 20
(4, 5) 9 20
(4, 7) 11 20
(4, 8) 12 20
(4, 10) 14 20
(5, 7) 12 20
(5, 8) 13 20
(5, 10) 15 20
(7, 8) 15 20
(7, 10) 17 20
(8, 10) 18 20
Checking group 3
(1, 2, 3) 6 20
(1, 2, 4) 7 20
(1, 2, 5) 8 20
(1, 2, 7) 10 20
(1, 2, 8) 11 20
(1, 2, 10) 13 20
(1, 3, 4) 8 20
(1, 3, 5) 9 20
(1, 3, 7) 11 20
(1, 3, 8) 12 20
(1, 3, 10) 14 20
(1, 4, 5) 10 20
(1, 4, 7) 12 20
(1, 4, 8) 13 20
(1, 4, 10) 15 20
(1, 5, 7) 13 20
(1, 5, 8) 14 20
(1, 5, 10) 16 20
(1, 7, 8) 16 20
(1, 7, 10) 18 20
(1, 8, 10) 19 20
(2, 3, 4) 9 20
(2, 3, 5) 10 20
(2, 3, 7) 12 20
(2, 3, 8) 13 20
(2, 3, 10) 15 20
(2, 4, 5) 11 20
(2, 4, 7) 13 20
(2, 4, 8) 14 20
(2, 4, 10) 16 20
(2, 5, 7) 14 20
(2, 5, 8) 15 20
(2, 5, 10) 17 20
(2, 7, 8) 17 20
(2, 7, 10) 19 20
(2, 8, 10) 20 20
(3, 4, 5) 12 20
(3, 4, 7) 14 20
(3, 4, 8) 15 20
(3, 4, 10) 17 20
(3, 5, 7) 15 20
(3, 5, 8) 16 20
(3, 5, 10) 18 20
(3, 7, 8) 18 20
(3, 7, 10) 20 20
(3, 8, 10) 21 20
(4, 5, 7) 16 20
(4, 5, 8) 17 20
(4, 5, 10) 19 20
(4, 7, 8) 19 20
(4, 7, 10) 21 20
(4, 8, 10) 22 20
(5, 7, 8) 20 20
(5, 7, 10) 22 20
(5, 8, 10) 23 20
(7, 8, 10) 25 20
Checking valid group (2, 8, 10)
found valid group (2, 8, 10) 160
found valid group (9, 11) 99
